167103
167102
167100
167098
167078
167043
167041
167039
166979
166967
166966
166960
166950
166947
166946
166939
166923
166922
166921
166911
166895
166894
166893
166890
166889
166888
166864
166863
166862
166861
166860
166859
166842
166841
166840
166839
166787
166784
166782
166781
166763
166756
166701
166699
166683
166681
166677
166674
166565
166563
166562
166554
166530
166514
166512
166502
166493
166486
166462
166440
166439
166438
166429
166408
166401
166394
166380
166379
166377
166374
166346
166305
166301
166254
166245
166228
166164
166163
166161
166159
166150
166149
166148
166147
166087
166086
166052
166051
166049
166034
166033
166021
166011
166010
165999
165993
165980
165970
165922
165887
165633
165627
165620
165619
165617
165570
165567
165558
165557
165548
165542
165537
165536
165529
165525
165523
165514
165506
165487
165486
165484
165472
165467
165423
165421
165415
165402
165400
165399
165364
165358
165306
165272
165271
165269
165268
165262
165255
165254
165248
165241
165238
165233
165229
165210
165208
165205
165182
165180
165168
165165
165163
165150
165129
165121
165120
165103
165102
165099
165098
165093
165088
165071
